Particiant	 40
Date and Time	2017.000000	9.000000	26.000000	13.000000	37.000000	39.015000	
trial	colour	frequency	numflicks	comfort	flicksresp	toggle	shapes	blur	bend	shimmer	flicker	fading	red	green	blue	yellow	pain	nausia	unease	symptoms	angle	locaton	stimulustogs	condnum
Section 1
1.000000	Gray	64.000000	9.000000	2.000000	9.000000	0.000000
2.000000	Gray	8.000000	7.000000	1.000000	7.000000	0.000000
3.000000	Gray	64.000000	9.000000	2.000000	9.000000	0.000000
4.000000	Gray	256.000000	8.000000	3.000000	8.000000	0.000000
5.000000	Gray	64.000000	7.000000	2.000000	7.000000	0.000000
6.000000	Gray	8.000000	8.000000	1.000000	8.000000	0.000000
7.000000	Gray	256.000000	7.000000	3.000000	8.000000	0.000000
8.000000	Gray	64.000000	7.000000	3.000000	7.000000	0.000000
9.000000	Gray	256.000000	9.000000	3.000000	9.000000	0.000000
10.000000	Gray	8.000000	8.000000	2.000000	8.000000	0.000000
11.000000	Gray	256.000000	8.000000	3.000000	8.000000	0.000000
12.000000	Gray	64.000000	8.000000	2.000000	8.000000	0.000000
13.000000	Gray	8.000000	9.000000	2.000000	9.000000	0.000000
14.000000	Gray	256.000000	7.000000	3.000000	7.000000	0.000000
15.000000	Gray	8.000000	9.000000	1.000000	9.000000	0.000000
16.000000	Gray	64.000000	8.000000	3.000000	8.000000	0.000000
17.000000	Gray	8.000000	7.000000	2.000000	7.000000	0.000000
18.000000	Gray	256.000000	9.000000	1.000000	8.000000	1.000000
999.000000	999.000000	999.000000	999.000000	999.000000	999.000000	999.000000	0.000000	0.000000	0.000000	1.000000	1.000000	0.000000	0.000000	0.000000	0.000000	0.000000	0.000000	0.000000	1.000000	3.000000	0.000000	3.000000	2.000000	3.000000
999.000000	999.000000	999.000000	999.000000	999.000000	999.000000	999.000000	1.000000	1.000000	0.000000	0.000000	0.000000	0.000000	0.000000	0.000000	0.000000	0.000000	0.000000	0.000000	0.000000	2.000000	0.000000	3.000000	2.000000	1.000000
999.000000	999.000000	999.000000	999.000000	999.000000	999.000000	999.000000	1.000000	0.000000	0.000000	1.000000	1.000000	0.000000	0.000000	0.000000	0.000000	0.000000	0.000000	0.000000	1.000000	4.000000	0.000000	3.000000	2.000000	2.000000
Section 2
1.000000	Gray	64.000000	8.000000	2.000000	8.000000	0.000000
2.000000	Gray	256.000000	7.000000	2.000000	7.000000	0.000000
3.000000	Gray	64.000000	7.000000	3.000000	7.000000	0.000000
4.000000	Gray	8.000000	9.000000	2.000000	9.000000	0.000000
5.000000	Gray	256.000000	8.000000	2.000000	8.000000	0.000000
6.000000	Gray	64.000000	9.000000	3.000000	9.000000	0.000000
7.000000	Gray	256.000000	8.000000	2.000000	8.000000	0.000000
8.000000	Gray	8.000000	9.000000	2.000000	9.000000	0.000000
9.000000	Gray	256.000000	9.000000	3.000000	9.000000	0.000000
10.000000	Gray	64.000000	8.000000	2.000000	8.000000	0.000000
11.000000	Gray	8.000000	7.000000	1.000000	7.000000	0.000000
12.000000	Gray	256.000000	9.000000	2.000000	9.000000	0.000000
13.000000	Gray	8.000000	7.000000	2.000000	7.000000	0.000000
14.000000	Gray	64.000000	7.000000	3.000000	7.000000	0.000000
15.000000	Gray	8.000000	8.000000	2.000000	8.000000	0.000000
16.000000	Gray	256.000000	7.000000	2.000000	7.000000	0.000000
17.000000	Gray	64.000000	9.000000	2.000000	9.000000	0.000000
18.000000	Gray	8.000000	8.000000	1.000000	8.000000	0.000000
999.000000	999.000000	999.000000	999.000000	999.000000	999.000000	999.000000	1.000000	1.000000	1.000000	1.000000	1.000000	0.000000	0.000000	0.000000	0.000000	0.000000	0.000000	0.000000	0.000000	5.000000	0.000000	1.000000	0.000000	2.000000
999.000000	999.000000	999.000000	999.000000	999.000000	999.000000	999.000000	1.000000	1.000000	1.000000	1.000000	1.000000	0.000000	0.000000	0.000000	0.000000	0.000000	0.000000	0.000000	0.000000	5.000000	0.000000	3.000000	0.000000	3.000000
999.000000	999.000000	999.000000	999.000000	999.000000	999.000000	999.000000	1.000000	0.000000	0.000000	0.000000	0.000000	0.000000	0.000000	0.000000	0.000000	0.000000	0.000000	0.000000	0.000000	1.000000	0.000000	3.000000	0.000000	1.000000
Section 3
1.000000	Gray	8.000000	8.000000	1.000000	8.000000	0.000000
2.000000	Gray	256.000000	9.000000	3.000000	9.000000	0.000000
3.000000	Gray	8.000000	7.000000	1.000000	7.000000	0.000000
4.000000	Gray	64.000000	7.000000	2.000000	7.000000	0.000000
5.000000	Gray	8.000000	9.000000	1.000000	9.000000	0.000000
6.000000	Gray	256.000000	9.000000	2.000000	9.000000	0.000000
7.000000	Gray	64.000000	8.000000	2.000000	8.000000	0.000000
8.000000	Gray	8.000000	8.000000	2.000000	8.000000	0.000000
9.000000	Gray	64.000000	8.000000	2.000000	8.000000	0.000000
10.000000	Gray	256.000000	7.000000	2.000000	7.000000	0.000000
11.000000	Gray	64.000000	9.000000	2.000000	8.000000	0.000000
12.000000	Gray	8.000000	7.000000	2.000000	7.000000	0.000000
13.000000	Gray	256.000000	7.000000	2.000000	7.000000	0.000000
14.000000	Gray	64.000000	9.000000	3.000000	9.000000	0.000000
15.000000	Gray	256.000000	8.000000	2.000000	8.000000	0.000000
16.000000	Gray	8.000000	9.000000	1.000000	9.000000	0.000000
17.000000	Gray	256.000000	8.000000	2.000000	8.000000	0.000000
18.000000	Gray	64.000000	7.000000	2.000000	7.000000	0.000000
999.000000	999.000000	999.000000	999.000000	999.000000	999.000000	999.000000	1.000000	1.000000	1.000000	1.000000	1.000000	0.000000	0.000000	0.000000	0.000000	0.000000	0.000000	0.000000	1.000000	6.000000	0.000000	1.000000	0.000000	3.000000
999.000000	999.000000	999.000000	999.000000	999.000000	999.000000	999.000000	1.000000	1.000000	0.000000	0.000000	0.000000	1.000000	0.000000	0.000000	0.000000	0.000000	0.000000	0.000000	0.000000	3.000000	0.000000	3.000000	0.000000	1.000000
999.000000	999.000000	999.000000	999.000000	999.000000	999.000000	999.000000	1.000000	1.000000	1.000000	1.000000	1.000000	0.000000	0.000000	0.000000	0.000000	0.000000	0.000000	0.000000	1.000000	6.000000	0.000000	1.000000	0.000000	2.000000
